idx,consumption,temperature_2m,precipitation,day_of_week,temperature_squared
2024-01-01,50.73,7.885833333333333,0.45416666666666666,0,62.18636736111111
2024-01-02,44.04,10.987916666666665,0.32083333333333336,1,120.73431267361109
2024-01-03,40.66,8.39625,0.05833333333333333,2,70.4970140625
2024-01-04,32.43,6.99625,0.8916666666666666,3,48.9475140625
2024-01-05,33.53,5.9629166666666675,0.08333333333333333,4,35.55637517361112
2024-01-06,57.81,5.0025,0.004166666666666667,5,25.025006250000004
2024-01-07,75.26,3.2358333333333333,0.0,6,10.470617361111112
2024-01-08,58.96,2.129583333333333,0.020833333333333332,0,4.53512517361111
2024-01-09,53.83,1.7420833333333334,0.0,1,3.034854340277778
2024-01-10,55.25,2.0191666666666666,0.0,2,4.077034027777778
2024-01-11,67.08,2.7566666666666664,0.0,3,7.599211111111109
2024-01-12,50.5,5.179583333333333,0.0,4,26.828083506944445
2024-01-13,65.97,3.4004166666666666,0.0,5,11.562833506944445
2024-01-14,60.21,3.6170833333333334,0.06666666666666667,6,13.083291840277779
2024-01-15,39.06,-0.6391666666666667,0.0,0,0.40853402777777775
2024-01-16,49.019999999999996,-1.4516666666666669,0.0,1,2.1073361111111115
2024-01-17,76.08,0.30875,0.0,2,0.09532656250000002
2024-01-18,59.88,-2.087083333333333,0.0,3,4.355916840277777
2024-01-19,54.6,-0.5954166666666666,0.0,4,0.3545210069444444
2024-01-20,77.66,2.6525,0.0,5,7.0357562499999995
2024-01-21,54.58,9.267083333333334,0.07083333333333335,6,85.87883350694445
2024-01-22,38.910000000000004,9.354583333333332,0.16666666666666666,0,87.50822934027777
2024-01-23,40.019999999999996,8.975416666666666,0.15,1,80.55810434027777
2024-01-24,34.92,9.400416666666667,0.0,2,88.36783350694445
2024-01-25,38.71,8.98375,0.008333333333333333,3,80.7077640625
2024-01-26,38.14,7.7525,0.06666666666666667,4,60.101256250000006
2024-01-27,51.32,3.9691666666666667,0.0,5,15.754284027777778
2024-01-28,43.05,5.994166666666666,0.0,6,35.930034027777765
2024-01-29,48.53,10.815,0.0,0,116.96422499999998
2024-01-30,60.96,8.4275,0.0,1,71.02275625
2024-01-31,56.17,7.635833333333333,0.016666666666666666,2,58.30595069444444
2024-02-01,51.31,6.060833333333334,0.0,3,36.73370069444445
2024-02-02,34.42,9.42125,0.0,4,88.7599515625
2024-02-03,46.32,11.200416666666667,0.020833333333333332,5,125.44933350694446
2024-02-04,49.87,11.404583333333333,0.004166666666666667,6,130.06452100694443
2024-02-05,34.37,9.631666666666666,0.0,0,92.76900277777776
2024-02-06,41.23,11.769166666666665,0.3958333333333333,1,138.51328402777776
2024-02-07,48.72,5.804583333333333,0.425,2,33.693187673611114
2024-02-08,30.599999999999998,7.208749999999999,0.6791666666666667,3,51.96607656249999
2024-02-09,21.47,10.567083333333333,0.2833333333333333,4,111.6632501736111
2024-02-10,16.75,9.360833333333334,0.1708333333333333,5,87.62520069444446
2024-02-11,16.29,7.223333333333334,0.19999999999999998,6,52.176544444444446
2024-02-12,14.16,5.04,0.0,0,25.401600000000002
2024-02-13,18.85,7.994166666666666,0.11666666666666668,1,63.90670069444443
2024-02-14,17.2,12.223333333333334,0.09583333333333333,2,149.4098777777778
2024-02-15,11.67,12.994166666666667,0.049999999999999996,3,168.84836736111112
2024-02-16,11.05,10.673333333333332,0.0625,4,113.92004444444441
2024-02-17,16.66,9.944166666666666,0.125,5,98.88645069444443
2024-02-18,18.14,11.342083333333333,0.5291666666666667,6,128.64285434027778
2024-02-19,13.61,9.10875,0.075,0,82.96932656250002
2024-02-20,26.91,8.715,0.0,1,75.951225
2024-02-21,42.1,10.02125,0.1625,2,100.4254515625
2024-02-22,56.65,8.104583333333332,0.47500000000000003,3,65.68427100694443
2024-02-23,43.83,4.885833333333333,0.15000000000000002,4,23.871367361111112
2024-02-24,41.02,3.137916666666667,0.041666666666666664,5,9.846521006944446
2024-02-25,48.29,4.767083333333333,0.08750000000000001,6,22.72508350694444
2024-02-26,54.31,6.225416666666667,0.020833333333333332,0,38.75581267361111
2024-02-27,61.89,4.967083333333334,0.0,1,24.671916840277785
2024-02-28,40.44,8.554583333333333,0.0375,2,73.18089600694445
2024-02-29,65.97,9.2525,0.3,3,85.60875624999998
2024-03-01,52.18,5.181666666666667,0.24583333333333335,4,26.849669444444444
2024-03-02,46.79,5.0441666666666665,0.16666666666666666,5,25.44361736111111
2024-03-03,56.88,4.142083333333333,0.0,6,17.156854340277775
2024-03-04,60.11,5.610833333333333,0.041666666666666664,0,31.48145069444444
2024-03-05,55.81,6.9525,0.0625,1,48.337256249999996
2024-03-06,60.29,5.548333333333333,0.0,2,30.784002777777772
2024-03-07,63.64,6.929583333333333,0.012500000000000002,3,48.019125173611116
2024-03-08,60.25,6.93375,0.0,4,48.0768890625
2024-03-09,72.22,9.060833333333333,0.0,5,82.09870069444445
2024-03-10,63.04,8.125416666666666,0.3,6,66.02239600694443
2024-03-11,49.02,8.037916666666666,0.06666666666666667,0,64.60810434027776
2024-03-12,45.93,10.071250000000001,0.5083333333333333,1,101.43007656250002
2024-03-13,56.97,11.510833333333332,0.016666666666666666,2,132.49928402777775
2024-03-14,49.18,11.800416666666665,0.020833333333333332,3,139.2498335069444
2024-03-15,35.52,11.798333333333334,0.06666666666666667,4,139.20066944444446
2024-03-16,57.64,9.602500000000001,0.049999999999999996,5,92.20800625000001
2024-03-17,57.63,11.419166666666667,0.2875,6,130.39736736111112
2024-03-18,50.21,10.673333333333334,0.008333333333333333,0,113.92004444444446
2024-03-19,61.21,11.217083333333333,0.0,1,125.82295850694445
2024-03-20,53.54,12.067083333333334,0.025000000000000005,2,145.61450017361113
2024-03-21,53.92,10.54,0.0,3,111.09159999999999
2024-03-22,62.69,9.671249999999999,0.02916666666666667,4,93.53307656249997
2024-03-23,65.57,6.410833333333334,0.05833333333333333,5,41.09878402777778
2024-03-24,65.34,7.960833333333333,0.0,6,63.374867361111114
2024-03-25,53.07,7.717083333333334,0.025000000000000005,0,59.55337517361112
2024-03-26,66.99,9.225416666666666,0.44166666666666665,1,85.1083126736111
2024-03-27,56.64,7.4525,0.07916666666666668,2,55.539756249999996
2024-03-28,53.43,8.112916666666667,0.37083333333333335,3,65.81941684027778
2024-03-29,42.52,9.500416666666666,0.12083333333333333,4,90.25791684027777
2024-03-30,35.8,8.8775,0.008333333333333333,5,78.81000624999999
2024-03-31,42.07,8.834565217391305,0.004347826086956522,6,78.04954258034027
2024-04-01,34.57,9.617083333333333,0.2791666666666667,0,92.48829184027778
2024-04-02,34.77,10.348333333333333,0.11666666666666665,1,107.08800277777776
2024-04-03,48.160000000000004,11.50875,0.05000000000000001,2,132.4513265625
2024-04-04,40.31,12.056666666666667,0.13749999999999998,3,145.3632111111111
2024-04-05,36.1,13.785833333333334,0.2833333333333333,4,190.04920069444447
2024-04-06,47.18,16.167083333333334,0.008333333333333333,5,261.3745835069445
2024-04-07,42.33,12.906666666666666,0.0,6,166.58204444444442
2024-04-08,33.160000000000004,12.277500000000002,0.14583333333333334,0,150.73700625000004
2024-04-09,37.91,9.550416666666667,0.03333333333333333,1,91.21045850694445
2024-04-10,47.05,9.342083333333333,0.0625,2,87.27452100694444
2024-04-11,37.25,14.64,0.012500000000000002,3,214.32960000000003
2024-04-12,41.51,14.23375,0.0,4,202.59963906250002
2024-04-13,43.03,14.35875,0.0,5,206.1737015625
2024-04-14,47.82,10.769166666666665,0.0,6,115.97495069444442
2024-04-15,49.07,8.575416666666667,0.13333333333333333,0,73.53777100694445
2024-04-16,37.42,8.700416666666667,0.24583333333333335,1,75.69725017361112
2024-04-17,49.67,7.315,0.02916666666666667,2,53.50922500000001
2024-04-18,58.62,8.269166666666667,0.04583333333333334,3,68.37911736111111
2024-04-19,48.43,9.885833333333332,0.10416666666666667,4,97.72970069444443
2024-04-20,61.34,6.917083333333333,0.004166666666666667,5,47.84604184027778
2024-04-21,68.78,7.489999999999999,0.0,6,56.10009999999999
2024-04-22,48.57,6.2275,0.02916666666666667,0,38.78175625
2024-04-23,49.91,7.677499999999999,0.08333333333333333,1,58.94400624999999
2024-04-24,58.17,6.906666666666666,0.008333333333333333,2,47.70204444444444
2024-04-25,48.160000000000004,7.177499999999999,0.12916666666666668,3,51.51650624999999
2024-04-26,51.71,7.38375,0.0,4,54.5197640625
2024-04-27,46.129999999999995,9.029583333333333,0.24583333333333335,5,81.5333751736111
2024-04-28,56.01,8.45875,0.5791666666666667,6,71.5504515625
2024-04-29,49.089999999999996,10.410833333333333,0.008333333333333333,0,108.38545069444443
2024-04-30,44.98,12.381666666666668,0.016666666666666666,1,153.30566944444448
2024-05-01,54.3,14.060833333333333,0.012500000000000002,2,197.70703402777778
2024-05-02,48.47,14.19,0.08333333333333333,3,201.3561
2024-05-03,40.67,10.785833333333334,0.4791666666666667,4,116.33420069444448
2024-05-04,47.79,11.317083333333334,0.10416666666666667,5,128.07637517361113
2024-05-05,50.81,11.604583333333332,0.008333333333333333,6,134.66635434027776
2024-05-06,39.18,11.629583333333334,0.5166666666666667,0,135.24720850694447
2024-05-07,50.22,13.654583333333333,0.05416666666666667,1,186.44764600694444
2024-05-08,46.68,13.092083333333333,0.0,2,171.40264600694445
2024-05-09,40.78,15.348333333333334,0.0,3,235.57133611111115
2024-05-10,48.55,15.229583333333332,0.0,4,231.9402085069444
2024-05-11,49.79,15.10875,0.0,5,228.27432656250002
2024-05-12,46.71,17.43583333333333,0.0,6,304.00828402777773
2024-05-13,41.01,15.173333333333334,0.041666666666666664,0,230.23004444444445
2024-05-14,44.11,14.692083333333334,0.2625,1,215.85731267361115
2024-05-15,44.54,15.22125,0.05416666666666667,2,231.6864515625
2024-05-16,39.85,13.915,0.0625,3,193.62722499999998
2024-05-17,38.11,15.22125,0.004166666666666667,4,231.6864515625
2024-05-18,43.42,15.254583333333334,0.0,5,232.70231267361115
2024-05-19,48.67,15.402500000000002,0.0,6,237.23700625000006
2024-05-20,37.75,14.365,0.008333333333333333,0,206.353225
2024-05-21,37.21,13.242083333333333,0.5291666666666667,1,175.35277100694444
2024-05-22,42.15,13.748333333333333,0.7083333333333334,2,189.01666944444443
2024-05-23,33.53,14.24,0.0,3,202.7776
2024-05-24,34.83,13.152500000000002,0.004166666666666667,4,172.98825625000003
2024-05-25,42.910000000000004,14.515,0.016666666666666666,5,210.685225
2024-05-26,47.77,15.017083333333332,0.3333333333333333,6,225.51279184027774
2024-05-27,41.58,13.062916666666666,0.03333333333333333,0,170.63979184027778
2024-05-28,41.54,14.1025,0.15,1,198.88050624999997
2024-05-29,39.97,15.629583333333334,0.012500000000000002,2,244.28387517361114
2024-05-30,45.66,13.954583333333334,0.07083333333333333,3,194.73039600694446
2024-05-31,38.589999999999996,13.356666666666667,0.020833333333333332,4,178.40054444444445
2024-06-01,45.76,13.28375,0.0,5,176.45801406249998
2024-06-02,47.44,15.167083333333332,0.0,6,230.04041684027774
2024-06-03,38.66,16.250416666666666,0.008333333333333333,0,264.07604184027775
2024-06-04,48.96,15.90875,0.05833333333333334,1,253.0883265625
2024-06-05,42.39,12.32125,0.0,2,151.81320156249998
2024-06-06,44.34,13.14,0.012500000000000002,3,172.6596
2024-06-07,33.85,13.875416666666666,0.0,4,192.5271876736111
2024-06-08,51.96,14.042083333333332,0.008333333333333333,5,197.18010434027775
2024-06-09,53.7,12.662916666666668,0.0,6,160.34945850694447
2024-06-10,43.4,12.08375,0.2833333333333333,0,146.0170140625
2024-06-11,35.88,11.22125,0.029166666666666664,1,125.91645156249999
2024-06-12,42.76,12.100416666666666,0.0375,2,146.42008350694442
2024-06-13,49.53,12.460833333333333,0.0625,3,155.27236736111112
2024-06-14,37.8,14.912916666666668,0.05833333333333333,4,222.39508350694447
2024-06-15,45.53,13.590000000000002,0.075,5,184.68810000000005
2024-06-16,49.04,15.1025,0.008333333333333333,6,228.08550624999998
2024-06-17,53.96,15.944166666666668,0.0,0,254.2164506944445
2024-06-18,47.910000000000004,16.423333333333332,0.012500000000000002,1,269.7258777777777
2024-06-19,51.23,15.14,0.0,2,229.2196
2024-06-20,42.36,15.23375,0.0,3,232.06713906250002
2024-06-21,38.78,17.098333333333333,0.020833333333333332,4,292.35300277777776
2024-06-22,42.339999999999996,17.429583333333333,0.0625,5,303.7903751736111
2024-06-23,42.16,17.785833333333333,0.0,6,316.33586736111107
2024-06-24,38.85,20.58375,0.0,0,423.6907640624999
2024-06-25,33.68,20.731666666666666,0.0,1,429.8020027777777
2024-06-26,36.55,21.502499999999998,0.0,2,462.3575062499999
2024-06-27,33.93,19.792083333333334,0.0,3,391.72656267361117
2024-06-28,43.49,16.79625,0.0,4,282.1140140625
2024-06-29,51.45,17.500416666666666,0.0,5,306.2645835069444
2024-06-30,41.38,17.037916666666668,0.029166666666666664,6,290.2906043402778
2024-07-01,42.89,16.506666666666664,0.0,0,272.47004444444434
2024-07-02,36.48,15.33375,0.016666666666666666,1,235.1238890625
2024-07-03,38.23,15.231666666666667,0.08333333333333333,2,232.00366944444445
2024-07-04,52.36,16.050416666666667,0.020833333333333332,3,257.61587517361113
2024-07-05,42.48,16.21291666666667,0.7708333333333334,4,262.85866684027786
2024-07-06,35.52,14.64625,0.41250000000000003,5,214.5126390625
2024-07-07,37.01,13.679583333333333,0.4291666666666667,6,187.1310001736111
2024-07-08,43.839999999999996,14.675416666666665,0.19166666666666668,0,215.36785434027774
2024-07-09,45.05,17.1775,0.5375,1,295.0665062499999
2024-07-10,43.65,17.92125,0.012500000000000002,2,321.1712015625
2024-07-11,44.51,16.9775,0.016666666666666666,3,288.23550624999996
2024-07-12,44.19,14.885833333333332,0.041666666666666664,4,221.58803402777775
2024-07-13,39.19,14.917083333333332,0.012500000000000002,5,222.51937517361108
2024-07-14,48.13,16.194166666666668,0.008333333333333333,6,262.2510340277778
2024-07-15,32.8,16.49833333333333,0.5958333333333333,0,272.1950027777777
2024-07-16,38.33,17.515,0.041666666666666664,1,306.77522500000003
2024-07-17,43.03,17.644166666666667,0.0,2,311.3166173611111
2024-07-18,46.3,19.394166666666667,0.0,3,376.1337006944445
2024-07-19,30.1,22.158749999999998,0.0,4,491.0102015624999
2024-07-20,42.46,20.037916666666668,0.0375,5,401.51810434027783
2024-07-21,39.69,19.20875,0.0,6,368.97607656249994
2024-07-22,33.97,18.485833333333332,0.025000000000000005,0,341.7260340277777
2024-07-23,30.25,19.34,0.08750000000000001,1,374.0356
2024-07-24,37.82,18.829583333333332,0.024999999999999998,2,354.5532085069444
2024-07-25,37.71,17.925416666666667,0.10416666666666667,3,321.3205626736111
2024-07-26,38.13,18.006666666666664,0.008333333333333333,4,324.2400444444444
2024-07-27,46.83,17.454583333333336,0.0,5,304.66247934027786
2024-07-28,45.85,18.200416666666666,0.0,6,331.25516684027775
2024-07-29,35.42,20.21291666666667,0.0,0,408.5620001736112
2024-07-30,32.56,21.979583333333334,0.0,1,483.1020835069445
2024-07-31,27.81,21.179583333333333,0.05416666666666667,2,448.5747501736111
2024-08-01,26.72,21.3025,0.2916666666666667,3,453.79650624999994
2024-08-02,31.97,21.067083333333333,0.19583333333333333,4,443.82200017361106
2024-08-03,46.84,20.294166666666666,0.03333333333333333,5,411.8532006944444
2024-08-04,40.66,17.479583333333334,0.0,6,305.53583350694447
2024-08-05,39.5,19.175416666666667,0.0,0,367.6966043402778
2024-08-06,40.27,19.02958333333333,0.07083333333333335,1,362.1250418402777
2024-08-07,33.33,17.19,0.0,2,295.49610000000007
2024-08-08,37.77,17.804583333333333,0.0,3,317.00318767361114
2024-08-09,30.9,20.629583333333333,0.0,4,425.5797085069444
2024-08-10,39.59,19.019166666666667,0.0,5,361.72870069444446
2024-08-11,34.52,20.79625,0.0,6,432.4840140625
2024-08-12,35.04,24.44,0.0,0,597.3136000000001
2024-08-13,39.27,19.97125,0.0,1,398.85082656250006
2024-08-14,35.79,20.067083333333333,0.0,2,402.6878335069444
2024-08-15,41.63,18.96291666666667,0.004166666666666667,3,359.59220850694453
2024-08-16,31.439999999999998,19.48375,0.0625,4,379.6165140625
2024-08-17,37.39,17.3525,0.0,5,301.10925625
2024-08-18,47.940000000000005,18.367083333333333,0.0,6,337.34975017361114
2024-08-19,51.07,17.20875,0.09166666666666667,0,296.14107656249996
2024-08-20,35.33,19.1525,0.04583333333333334,1,366.81825625
2024-08-21,49.26,16.23375,0.004166666666666667,2,263.5346390625
2024-08-22,36.77,17.72125,0.041666666666666664,3,314.04270156250004
2024-08-23,37.71,18.960833333333333,0.04583333333333334,4,359.51320069444444
2024-08-24,39.93,15.706666666666665,0.3833333333333333,5,246.69937777777773
2024-08-25,45.06,15.162916666666666,0.004166666666666667,6,229.91404184027775
2024-08-26,40.36,17.74625,0.004166666666666667,0,314.9293890625
2024-08-27,29.52,18.64,0.0,1,347.44960000000003
2024-08-28,31.44,19.98375,0.0,2,399.3502640625
2024-08-29,36.75,17.367083333333333,0.0,3,301.61558350694446
2024-08-30,27.8,16.456666666666667,0.0,4,270.8218777777778
2024-08-31,35.14,17.294166666666666,0.012500000000000002,5,299.0882006944444
2024-09-01,32.29,20.6025,0.0,6,424.46300625
2024-09-02,36.86,19.635833333333334,0.06666666666666667,0,385.5659506944445
2024-09-03,44.62,18.631666666666668,0.15,1,347.1390027777778
2024-09-04,37.51,16.49833333333333,0.008333333333333333,2,272.1950027777777
2024-09-05,31.39,17.65458333333333,0.19583333333333333,3,311.68431267361103
2024-09-06,30.55,18.750416666666666,0.07083333333333335,4,351.5781251736111
2024-09-07,47.13,16.98375,0.225,5,288.4477640625
2024-09-08,48.05,16.32125,0.2791666666666667,6,266.38320156249995
2024-09-09,42.89,15.279583333333333,0.0,0,233.46566684027778
2024-09-10,43.949999999999996,14.367083333333333,0.10416666666666667,1,206.41308350694445
2024-09-11,44.53,11.331666666666665,0.1375,2,128.40666944444442
2024-09-12,48.31,10.019166666666667,0.0625,3,100.38370069444446
2024-09-13,31.89,11.144166666666665,0.0,4,124.19245069444442
2024-09-14,38.96,12.104583333333332,0.0,5,146.5209376736111
2024-09-15,42.56,13.615,0.025000000000000005,6,185.368225
2024-09-16,34.09,15.348333333333334,0.0,0,235.57133611111115
2024-09-17,32.65,14.996249999999998,0.0,1,224.88751406249995
2024-09-18,31.81,17.65041666666667,0.0,2,311.5372085069445
2024-09-19,22.62,18.456666666666667,0.004166666666666667,3,340.64854444444444
2024-09-20,26.36,17.64,0.09166666666666667,4,311.1696
2024-09-21,34.44,18.569166666666664,0.004166666666666667,5,344.8139506944444
2024-09-22,33.57,17.479583333333334,0.45416666666666666,6,305.53583350694447
2024-09-23,30.85,15.900416666666667,1.6583333333333332,0,252.82325017361111
2024-09-24,33.88,14.8775,0.46666666666666673,1,221.34000625
2024-09-25,38.31,13.617083333333333,0.6083333333333334,2,185.42495850694445
2024-09-26,40.160000000000004,13.875416666666666,0.32916666666666666,3,192.5271876736111
2024-09-27,35.79,10.960833333333333,0.15,4,120.13986736111111
2024-09-28,34.63,9.381666666666666,0.0,5,88.01566944444443
2024-09-29,45.99,10.85875,0.012500000000000002,6,117.91245156250001
2024-09-30,41.6,13.992083333333333,0.7250000000000001,0,195.77839600694443
2024-10-01,50.74,12.781666666666666,0.3625,1,163.37100277777776
2024-10-02,44.37,13.887916666666667,0.025000000000000005,2,192.8742293402778
2024-10-03,48.46,11.667083333333332,0.0,3,136.12083350694442
2024-10-04,51.28,10.59625,0.0,4,112.28051406249999
2024-10-05,40.45,11.760833333333332,0.0,5,138.3172006944444
2024-10-06,41.36,13.656666666666666,0.0625,6,186.50454444444443
2024-10-07,44.93,14.308749999999998,0.14166666666666666,0,204.74032656249994
2024-10-08,42.71,14.29625,0.14583333333333334,1,204.38276406250003
2024-10-09,44.09,13.904583333333333,0.07916666666666666,2,193.3374376736111
2024-10-10,34.72,9.681666666666667,0.125,3,93.73466944444445
2024-10-11,43.33,6.906666666666666,0.0,4,47.70204444444444
2024-10-12,47.18,10.454583333333334,0.16666666666666666,5,109.29831267361112
2024-10-13,43.16,8.148333333333333,0.0,6,66.3953361111111
2024-10-14,41.68,10.385833333333332,0.5708333333333334,0,107.86553402777776
2024-10-15,44.45,13.104583333333332,0.008333333333333333,1,171.73010434027776
2024-10-16,53.42,17.115,0.2333333333333333,2,292.92322499999995
2024-10-17,42.05,14.89625,0.1125,3,221.8982640625
2024-10-18,49.5,11.39,0.016666666666666666,4,129.7321
2024-10-19,41.76,13.69,0.325,5,187.4161
2024-10-20,47.339999999999996,13.881666666666666,0.13333333333333333,6,192.70066944444443
2024-10-21,42.82,12.635833333333332,0.07916666666666668,0,159.66428402777774
2024-10-22,42.39,11.235833333333334,0.0,1,126.24395069444445
2024-10-23,49.7,11.5775,0.004166666666666667,2,134.03850625
2024-10-24,41.71,12.339999999999998,0.0,3,152.27559999999994
2024-10-25,35.11,13.917083333333332,0.024999999999999998,4,193.6852085069444
2024-10-26,25.91,11.519166666666665,0.004166666666666667,5,132.6912006944444
2024-10-27,34.67,10.295,0.004,6,105.987025
2024-10-28,30.9,13.604583333333332,0.012500000000000002,0,185.08468767361109
2024-10-29,31.259999999999998,13.90875,0.0375,1,193.4533265625
2024-10-30,32.49,10.750416666666666,0.0,2,115.57145850694444
2024-10-31,29.88,9.727500000000001,0.0,3,94.62425625000002
2024-11-01,33.4,10.435833333333333,0.0,4,108.9066173611111
2024-11-02,44.53,12.260833333333332,0.0,5,150.32803402777776
2024-11-03,34.83,12.037916666666666,0.0,6,144.9114376736111
2024-11-04,39.01,11.110833333333332,0.0,0,123.45061736111109
2024-11-05,40.18,10.8275,0.0,1,117.23475625000002
2024-11-06,42.96,10.8025,0.008333333333333333,2,116.69400625
2024-11-07,45.019999999999996,10.902499999999998,0.0,3,118.86450624999996
2024-11-08,40.79,8.869166666666667,0.004166666666666667,4,78.66211736111111
2024-11-09,48.74,8.017083333333334,0.0,5,64.27362517361112
2024-11-10,46.48,8.731666666666667,0.0,6,76.24200277777778
2024-11-11,54.629999999999995,8.89625,0.0,0,79.14326406250001
2024-11-12,52.86,8.99625,0.008333333333333333,1,80.93251406249999
2024-11-13,53.13,8.48375,0.0,2,71.9740140625
2024-11-14,40.18,9.498333333333333,0.020833333333333332,3,90.2183361111111
2024-11-15,36.33,7.483750000000001,0.0,4,56.00651406250001
2024-11-16,52.99,7.487916666666667,0.029166666666666664,5,56.06889600694445
2024-11-17,42.24,8.150416666666667,0.008333333333333333,6,66.42929184027778
2024-11-18,34.089999999999996,6.989999999999999,0.41250000000000003,0,48.86009999999999
2024-11-19,47.620000000000005,4.100416666666667,0.37916666666666665,1,16.813416840277778
2024-11-20,53.19,1.5254166666666666,0.0,2,2.326896006944444
2024-11-21,54.62,0.5566666666666668,0.0,3,0.30987777777777786
2024-11-22,59.839999999999996,3.0066666666666664,0.0375,4,9.040044444444442
2024-11-23,61.08,8.540000000000001,0.31666666666666665,5,72.93160000000002
2024-11-24,66.2,15.95875,0.27499999999999997,6,254.6817015625
2024-11-25,46.15,10.035833333333333,0.06666666666666667,0,100.71795069444443
2024-11-26,52.86,6.685833333333334,0.020833333333333332,1,44.70036736111112
2024-11-27,54.9,5.8525,0.9333333333333335,2,34.25175625
2024-11-28,65.13,2.3754166666666667,0.0,3,5.642604340277778
2024-11-29,55.58,6.025416666666666,0.0,4,36.305646006944436
2024-11-30,59.5,11.183749999999998,0.0,5,125.07626406249996
2024-12-01,55.68,11.573333333333332,0.07916666666666666,6,133.94204444444443
2024-12-02,53.14,9.0275,0.016666666666666666,0,81.49575625
2024-12-03,65.94,5.348333333333334,0.0,1,28.604669444444447
2024-12-04,53.14,6.050416666666667,0.029166666666666664,2,36.60754184027778
2024-12-05,42.24,11.777500000000002,0.4708333333333334,3,138.70950625000003
2024-12-06,39.019999999999996,8.077499999999999,0.02916666666666667,4,65.24600624999998
2024-12-07,52.33,8.04625,0.32083333333333336,5,64.74213906250002
2024-12-08,79.73,7.22125,0.37916666666666665,6,52.146451562500005
2024-12-09,56.28,7.406666666666666,0.008333333333333333,0,54.858711111111106
2024-12-10,60.79,6.827500000000001,0.0,1,46.614756250000006
2024-12-11,73.93,6.302499999999999,0.004166666666666667,2,39.72150624999999
2024-12-12,62.59,6.6066666666666665,0.025000000000000005,3,43.648044444444444
2024-12-13,62.77,5.142083333333333,0.025000000000000005,4,26.44102100694444
2024-12-14,73.08,5.44625,0.004166666666666667,5,29.6616390625
2024-12-15,60.49,9.031666666666666,0.0,6,81.57100277777776
2024-12-16,58.12,10.133750000000001,0.012500000000000002,0,102.69288906250002
2024-12-17,62.89,8.446250000000001,0.0,1,71.33913906250001
2024-12-18,60.71,12.7025,0.13333333333333333,2,161.35350625
2024-12-19,64.86,6.583749999999999,0.12083333333333333,3,43.34576406249999
2024-12-20,55.96,5.49625,0.029166666666666664,4,30.2087640625
2024-12-21,69.94,8.256666666666666,0.17916666666666667,5,68.17254444444443
2024-12-22,78.88,5.5879166666666675,0.07083333333333335,6,31.224812673611122
2024-12-23,60.86,5.225416666666667,0.041666666666666664,0,27.30497934027778
2024-12-24,75.34,9.571250000000001,0.0,1,91.60882656250001
2024-12-25,60.29,9.212916666666667,0.0,2,84.87783350694444
2024-12-26,53.17,7.473333333333334,0.0,3,55.85071111111112
2024-12-27,48.25,6.567083333333334,0.0,4,43.12658350694445
2024-12-28,60.01,5.306666666666667,0.0,5,28.160711111111112
2024-12-29,51.74,5.79,0.0,6,33.5241
2024-12-30,60.58,7.417083333333333,0.0,0,55.01312517361111
2024-12-31,63.72,9.508750000000001,0.0,1,90.41632656250002
2025-01-01,68.23,8.800416666666667,0.4083333333333334,2,77.44733350694445
2025-01-02,71.89,1.9170833333333333,0.0,3,3.6752085069444442
2025-01-03,65.01,0.3941666666666667,0.0,4,0.15536736111111116
2025-01-04,72.49,0.8545833333333333,0.16666666666666666,5,0.730312673611111
2025-01-05,65.24,7.833749999999999,0.7666666666666666,6,61.36763906249999
2025-01-06,79.02,7.0275,0.23750000000000002,0,49.38575625
2025-01-07,66.54,2.3504166666666664,0.0,1,5.524458506944443
2025-01-08,79.34,0.665,0.13333333333333333,2,0.44222500000000003
2025-01-09,69.83,1.03375,0.016666666666666666,3,1.0686390625
2025-01-10,71.62,-1.0183333333333333,0.0,4,1.0370027777777777
2025-01-11,79.8,-1.7433333333333332,0.0,5,3.0392111111111104
2025-01-12,72.55,-0.7745833333333333,0.0,6,0.5999793402777777
2025-01-13,71.32,3.3004166666666666,0.0,0,10.89275017361111
2025-01-14,59.63,5.417083333333333,0.0,1,29.344791840277775
2025-01-15,82.61,8.679583333333333,0.0,2,75.33516684027778
2025-01-16,69.07000000000001,7.537916666666667,0.0,3,56.820187673611116
2025-01-17,72.58,5.125416666666667,0.0,4,26.26989600694445
2025-01-18,71.48,2.6816666666666666,0.0,5,7.191336111111111
2025-01-19,82.09,2.4525,0.008333333333333333,6,6.0147562500000005
2025-01-20,59.82,3.294166666666667,0.012500000000000002,0,10.85153402777778
2025-01-21,83.74,2.19625,0.0,1,4.8235140625
2025-01-22,85.56,3.3025,0.05000000000000001,2,10.906506250000001
2025-01-23,59.81,4.767083333333333,0.20833333333333334,3,22.72508350694444
2025-01-24,62.32,8.892083333333334,0.14583333333333334,4,79.06914600694445
2025-01-25,74.35,5.054583333333333,0.09166666666666667,5,25.548812673611113
2025-01-26,87.1,4.742083333333333,0.3958333333333333,6,22.48735434027778
2025-01-27,65.91,7.631666666666667,0.29583333333333334,0,58.242336111111115
2025-01-28,57.36,8.394166666666667,0.09166666666666667,1,70.46203402777779
2025-01-29,79.81,5.937916666666666,0.0,2,35.25885434027777
2025-01-30,76.71,4.33375,0.0,3,18.7813890625
2025-01-31,66.62,5.17125,0.1625,4,26.7418265625
2025-02-01,66.65,4.692083333333334,0.004166666666666667,5,22.015646006944447
2025-02-02,61.56,2.6858333333333335,0.0,6,7.213700694444445
2025-02-03,79.26,4.265,0.0,0,18.190224999999998
2025-02-04,64.26,8.260833333333332,0.008333333333333333,1,68.24136736111109
2025-02-05,86.34,5.631666666666667,0.0,2,31.715669444444448
2025-02-06,82.58,3.817083333333333,0.004166666666666667,3,14.57012517361111
2025-02-07,91.24000000000001,3.5525,0.22916666666666666,4,12.620256250000002
2025-02-08,74.87,4.719166666666667,0.08333333333333333,5,22.27053402777778
2025-02-09,72.84,3.419166666666667,0.0375,6,11.690700694444446
2025-02-10,79.64,3.5691666666666664,0.14583333333333334,0,12.738950694444442
2025-02-11,67.89,3.815,0.0,1,14.554224999999999
2025-02-12,84.16,4.42125,0.004166666666666667,2,19.547451562499997
2025-02-13,82.89,3.4025,0.004166666666666667,3,11.577006249999998
2025-02-14,60.160000000000004,2.3608333333333333,0.0,4,5.573534027777778
2025-02-15,73.49,2.8108333333333335,0.0375,5,7.900784027777779
2025-02-16,85.49000000000001,2.8212499999999996,0.0,6,7.959451562499997
2025-02-17,74.97,1.6587500000000002,0.0,0,2.7514515625000007
2025-02-18,91.78,2.3733333333333335,0.0,1,5.632711111111112
2025-02-19,69.25,4.492083333333333,0.0,2,20.178812673611112
2025-02-20,40.91,11.219166666666666,0.08333333333333333,3,125.86970069444443
2025-02-21,39.81,12.804583333333333,0.225,4,163.9573543402778
2025-02-22,46.92,10.312916666666666,0.22916666666666666,5,106.3562501736111
2025-02-23,37.3,9.169166666666667,0.07083333333333335,6,84.07361736111112
2025-02-24,40.15,10.3775,0.5125000000000001,0,107.69250625
2025-02-25,49.94,8.015,0.025000000000000005,1,64.24022500000001
2025-02-26,64.8,5.406666666666666,0.2833333333333333,2,29.23204444444444
2025-02-27,69.56,5.3275,0.004166666666666667,3,28.382256249999998
2025-02-28,33.660000000000004,4.312916666666667,0.0,4,18.601250173611117
2025-03-01,64.01,3.4379166666666663,0.0,5,11.819271006944442
2025-03-02,75.71000000000001,3.185833333333333,0.0,6,10.149534027777776
2025-03-03,56.0,3.8191666666666664,0.0,0,14.586034027777776
2025-03-04,59.51,5.28375,0.0,1,27.918014062500003
2025-03-05,89.25,6.364999999999999,0.0,2,40.51322499999999
2025-03-06,69.18,9.212916666666667,0.0,3,84.87783350694444
2025-03-07,56.23,11.917083333333332,0.0,4,142.01687517361108
2025-03-08,62.989999999999995,10.67125,0.0,5,113.87557656250002
2025-03-09,55.23,10.49,0.0,6,110.04010000000001
2025-03-10,70.51,8.985833333333334,0.012500000000000002,0,80.74520069444445
2025-03-11,93.02,6.267083333333333,0.0,1,39.27633350694444
2025-03-12,84.45,4.4775,0.012499999999999999,2,20.04800625
2025-03-13,88.62,3.7587499999999996,0.04583333333333334,3,14.128201562499997
2025-03-14,78.13,3.3670833333333334,0.041666666666666664,4,11.337250173611112
2025-03-15,80.46,3.7566666666666664,0.004166666666666667,5,14.112544444444442
2025-03-16,93.22,3.99,0.0,6,15.920100000000001
2025-03-17,88.81,5.779583333333334,0.012500000000000002,0,33.40358350694445
2025-03-18,85.7,5.692083333333334,0.0,1,32.399812673611116
2025-03-19,68.31,8.2525,0.0,2,68.10375624999999
2025-03-20,71.04,11.662916666666668,0.0,3,136.02362517361112
2025-03-21,55.05,12.425416666666665,0.03333333333333333,4,154.39097934027774
2025-03-22,51.66,12.162916666666666,0.1625,5,147.93654184027775
2025-03-23,51.14,10.456666666666665,0.33749999999999997,6,109.34187777777775
2025-03-24,65.71,9.062916666666666,0.0,0,82.13645850694444
2025-03-25,50.2,10.14,0.016666666666666666,1,102.81960000000001
2025-03-26,99.12,11.50875,0.004166666666666667,2,132.4513265625
2025-03-27,107.06,9.979583333333332,0.0,3,99.59208350694442
2025-03-28,91.64,9.862916666666667,0.041666666666666664,4,97.27712517361111
2025-03-29,101.4,5.765,0.0,5,33.235225
